6463
1480002
1456873
1440102
1434608
1418901
1423990
1423994
1445637
1395044
1373751
1423986
1434590
1491838
1522694
1542159
1555484
1603682
1625239
1715871
1700300
1639788
1632519
1647081
1684840
1669530
1796919
1814093
1858931
1954177
1974431
1995361
2016750
2038373
2082180
2082186
2082193
2115193
2147939
2169571
2005930
1831683
1796900
1886688
1964243
2038305
1924805
1934520
2071114
2049149
2027440
1995263
1984718
2005886
2060129
2093057
2093291
2006038
1954230
1915296
1877433
1877432
1896215
1924877
1915285
1877429
1868170
1944380
1934615
1915301
1974521
1944391
1974515
2060370
2038492
2038502
2082352
1964361
1964362
1954253
1964353
2027665
2071350
2038483
2027664
2093348
2169732
2148248
2071539
1984932
1944397
1944394
1877442
1868172
1831742
1805502
1788550
1692595
1700344
1715917
1708121
1731619
1731623
1739524
1723753
1739528
1831758
1747559
1747558
1747560
1755660
1763841
1788577
1747562
1739544
1692604
1677217
1647109
1603704
1603703
1647111
1669595
1684927
1684930
1731659
1723778
1715948
1831917
1814288
1708178
1522708
1468351
1468350
1485916
1503941
1548829
1529077
1610820
1548817
1529144
1516421
1451277
1414001
1424016
1418924
1418903
1404381
1399662
1373758
1351570
1348139
1344751
1334847
1331805
1291345
1262731
1247893
1243284
1229461
1238774
1252663
1252667
1272931
1288719
1304101
1306703
1312006
1334860
1341373
1351571
1358708
1366076
1373771
1377819
1366082
1351572
1485930
1516386
1516388
1516424
1522771
1522773
1522779
1522781
1522783
1522785
1522787
1522793
1522762
1522709
1516379
1516375
1510082
1491862
1497873
1529107
1535611
1575877
1632562
1639836
1625346
1632619
1639896
1654635
1700487
1716078
1755837
1764005
1780441
1805747
1814408
1887163
1887161
1915694
1995873
1859181
1859177
1964849
1954744
1935085
1896680
1868611
1788818
1850238
1964935
2006664
2028260
2115996
2126916
2083017
2083015
2094061
2028296
1935154
1823252
1797281
1755881
1780506
1788841
1985518
1996077
1996053
1985542
1797303
1772252
1755892
1739737
1739741
1739742
1700521
1692752
1731829
1772242
1832136
1877909
1944970
1944983
1944979
1954863
1975393
1996369
1955018
1906352
1896826
1887381
1859549
1788939
1654683
1632668
1610946
1582837
1569159
1542293
1548940
1582827
1603812
1575952
1542280
1522808
1516436
1503987
1485953
1462607
1451295
1418934
1399676
1382003
1348152
1331819
1317451
1312019
1291357
1286109
1270372
1267810
1270369
1272939
1275512
1283449
1288735
1288738
1291353
1293951
1293955
1296522
1299044
1301558
1312020
1328809
1334872
1344768
1351584
1366094
1373789
1395072
1409192
1451292
1474219
1497902
1510130
1548928
1575955
1603799
1669750
1685075
1723988
1747852
1755968
1755965
1739815
1850397
1868803
1878060
1906383
1906425
1906427
1906428
1985778
1955012
1945103
1965122
1985764
1996352
1945108
1945106
1975376
1975496
1975493
1985897
1985899
2007115
2007117
1985895
1935372
1935401
1965292
1975559
1985981
1975565
1985995
1985996
1996580
1996581
2007240
1996604
1986009
1965300
1955159
1955160
1965312
2028893
2050738
2105759
2192552
2181840
2171096
2171098
2171102
2203080
2213583
2138386
2127468
2105595
2083539
2050616
2039673
2039679
2050622
2061628
2072597
2050626
2072568
2083530
2105571
2116547
2127436
2127437
2138353
2149217
2149216
2170603
2159827
2170615
2170618
2105275
2094294
2072263
1985715
1975310
1975311
1975314
1965095
1945091
1996278
2050315
2083241
2170634
2159837
2116257
2006890
2006891
2006912
1868738
1841191
1832177
1814514
1814518
1814513
1814512
1841177
1841176
1841174
1832216
1780577
1772309
1772307
1764122
1764120
1755917
1788902
1797356
1764134
1747811
1739777
1723980
1716134
1700539
1692771
1669722
1662166
1639912
1632628
1618092
1603786
1596716
1610907
1639925
1654655
1677371
1708295
1723962
1772284
1755914
1731854
1731852
1739769
1788899
1788900
1805877
1887364
1915905
1925520
2017693
2083266
2105317
2094289
2083175
2083176
2061238
2050258
1985688
1925511
1906318
1887329
1935255
1954970
1954974
1965088
1985706
1877968
1850294
1814503
1788866
1708294
1625354
1575949
1569124
1516430
1497896
1510121
1548919
1569116
1654637
1669710
1685054
1797311
1823277
1859462
1859461
1906271
1925461
1887304
1859471
1841167
1832162
1832163
1887314
1935215
1935227
1935217
1925489
1841168
1814511
1877962
1896777
1868700
1975276
1975266
1996217
2039310
2072747
2083709
2105781
2050753
2050749
2028902
2007301
1996638
1945258
1887475
1859614
1823385
1780620
1772357
1747860
1724017
1692828
1647317
1677497
1708446
1756101
1841444
1859781
1887615
1897067
1906590
1925796
1975707
1996748
2018201
1996732
2007396
2018167
1986136
1975699
1935549
1925784
1935544
1965465
1996801
1986195
1975740
1986199
1955313
1925814
1916186
1897094
1887633
1887634
1916187
1925816
1945391
2018222
1814768
1806136
1814829
1823638
1869095
1878377
1878380
1975937
1965655
2018502
2275018
2294125
2312408
2338291
2321264
2214296
2095173
2051196
2029358
2007708
2018509
2117155
2160750
2224684
2275066
2255353
2235031
2275060
2321549
2312724
2330172
2338607
2330161
2321561
2312727
2245557
2224914
2214518
2128207
1986532
1945683
1878505
1860038
1850842
1850837
1841695
1841685
1832662
1814958
1789233
1772558
1748035
1748036
1772559
1772554
1772555
1780833
1789242
1814968
1823777
1850836
1860030
1878498
1887861
1897324
1926055
1926053
1926048
1906842
1887860
1860022
1832661
1823767
1823765
1832653
1806263
1789213
1772552
1748033
1739975
1748007
1748013
1756140
1764350
1797650
1823725
1841629
1850774
1869180
1878448
1887809
1897276
1906792
1916362
1935760
1945613
1955560
1986464
1997079
2007763
2018563
2051262
2073280
2117249
2139092
2245483
2265473
2312664
2265461
2245477
2275252
2255552
2160838
2149934
2139053
2128121
2117226
2149874
2193150
2193195
2193182
2171643
2149901
2128101
2062270
2062268
2084203
2051227
1975979
1935726
1806165
1780769
1764326
1716299
1662300
1662299
1662291
1603832
1603828
1654757
1685200
1724130
1708451
1708452
1739951
1780752
1813896
1822615
1822660
1858703
1771763
1755407
1755410
1763588
1822637
1831475
1831474
1822630
1796756
1813942
1831536
1831539
1831544
1813961
1780050
1771788
1763614
1747321
1731413
1646982
1610770
1562190
1555462
1548785
1529050
1503914
1491825
1468313
1445622
1429226
1423978
1334836
1328784
1272919
1267789
1260180
1236506
1224639
1222170
1219733
1209639
1206984
1204274
1164288
1155822
1131883
1109211
1103047
1069540
1025646
964453
923977
948458
1003112
1109214
1146730
1155825
1186261
1231820
1252647
1270329
1260181
1262723
1272927
1278109
1291332
1296494
1311996
1341340
1341342
1358694
1362362
1377789
1390561
1418894
1462536
1479979
1503926
1510061
1522692
1529065
1548803
1575831
1632464
1707937
1747339
1747313
1747309
1747133
1763389
1739124
1739126
1747121
1747122
1763326
1763331
1763335
1763340
1755194
1763357
1763359
1755205
1731248
1731251
1739138
1731256
1700020
1715578
1707779
1707762
1661732
1632298
1625088
1575709
1562078
1555344
1439949
1429094
1423873
1399541
1409055
1418774
1423845
1429106
1451088
1456727
1451094
1451104
1451096
1429119
1386091
1373672
1369796
1373673
1373681
1377685
1377691
1377697
1377711
1366008
1354981
1337932
1337936
1325794
1309278
1301493
1291304
1283408
1278074
1275462
1267766
1262697
1260163
1265226
1250248
1252642
1270258
1277925
1280548
1283209
1285866
1296293
1309116
1311797
1334616
1344519
1344520
1358432
1365820
1373469
1390293
1408924
1413752
1462231
1485611
1522421
1561998
1684497
1813487
1639492
1535264
1522379
1516028
1503584
1450876
1450878
1413717
1390275
1369592
1362085
1358411
1347838
1341048
1334577
1314464
1296265
1291100
1291099
1291097
1288468
1275289
1265155
1260120
1252640
1245535
1236487
1231818
1231812
1229435
1217257
1209604
1204249
1192593
1164272
1155800
1141907
1083396
1062343
1025634
890272
776200
750577
742021
684203
660547
645091
629708
592781
592775
578397
523181
459587
430800
388203
289844
273977
226553
202373
214043
238102
242879
238093
238094
270895
349638
358817
503630
419877
419876
430818
497250
543474
684206
700231
881639
964448
995429
1047773
1069515
1076497
1155815
1186241
1198601
1201480
1198604
1204270
1214774
1227050
1234163
1241004
1255055
1262628
1272767
1272770
1275301
1280506
1280517
1317164
1325555
1344448
1462216
1516008
1568746
1582466
1589401
1715448
1994379
1973555
1914467
1886117
1895538
1905049
1914591
1994535
1840090
1739116
1568827
1541969
1516140
1497618
1485668
1445397
1456594
1462276
1468065
1497616
1541967
1548621
1589476
1617824
1661730
1692280
1779694
1707758
1684577
1692272
1699997
1731208
1731232
1739104
1723371
1731240
1822284
2048415
2147071
2168744
2179525
2147080
2179536
2190281
2222029
2262914
2282511
2292006
2310431
2352849
2352850
2375774
2403787
2416886
2452342
2468508
2478870
2483840
2468343
2457654
2422999
2423000
2457650
2498846
2503742
2503747
2503749
2503751
2517897
2535626
2563786
2531714
2522811
2522812
2531673
2563734
2567461
2508884
2499200
2473863
2468642
2473864
2489209
2473862
2463338
2452439
2452440
2468654
2463343
2457893
2468609
2484116
2494181
2499133
2494196
2446853
2429340
2410227
2410233
2410234
2410236
2410238
2429128
2446583
2493433
2503242
2508019
2512755
2539273
2521939
2539268
2555328
2562893
2562896
2566614
2566620
2570302
2570300
2566602
2551447
2547478
2551446
2551445
2566571
2539248
2526371
2526363
2503208
2483492
2478461
2478460
2468170
2452114
2440898
2410226
2352734
2336378
2344683
2352732
2360583
2382858
2396885
2368181
2310324
2282391
2190124
2168609
2146909
2125071
2081084
2070116
2048135
2048134
2070106
2070107
2081072
2092099
2092101
2092103
2092105
2103099
2103096
2103097
2114089
2114090
2200786
2211391
2221862
2252805
2291870
2301173
2319259
2375594
2360557
2360558
2389909
2403606
2435005
2488423
2526310
2530685
2562806
2577385
2562803
2555253
2580873
2587608
2573807
2573805
2590866
2570185
2562796
2517316
2478406
2446504
2446512
2344691
2327931
2336380
2360593
2375646
2416701
2446590
2498385
2512775
2526443
2508074
2488386
2457488
2498256
2517285
2580770
2530625
2488359
2457481
2434987
2389880
2352690
2344641
2327887
2291856
2282364
2262766
2221847
2221850
2037253
2037246
2092086
2157787
2252780
2272630
2336671
2328199
2328203
2282657
2253095
2211714
2158142
2059563
2048592
1994737
1943778
1895609
1895623
1895621
1914706
1953648
1973854
1984217
1973858
1963634
1953573
1933951
1914657
1914655
1905109
1886168
1886170
1897485
1907008
1945851
1997398
1955870
1955868
1945909
1945912
1945914
2008105
2029759
2051614
2084615
2073627
2029767
1986805
1945915
1945916
1955882
1976338
2018908
2051625
2040699
2084567
2084571
2062602
2008080
1945906
1916619
1936048
1955857
1986776
2008073
2029724
2029730
2008037
2008035
1986755
1955833
1815066
1823896
1888039
1897509
1888024
1748055
1716312
1662301
1669866
1700696
1716307
1815047
1724166
1708468
1685233
1569233
1542357
1562429
1510224
1491991
1445808
1429399
1404503
1386337
1362478
1338133
1314810
1294031
1288820
1275600
1247982
1222260
1192736
1198721
1198723
1192732
1189597
1219811
1222251
1179605
1155922
1160241
1160242
1172220
1172217
1155921
1146822
1121116
1076628
1069647
1062469
1040500
1033134
1003169
964497
948485
932222
923980
923987
932225
1003153
1040482
1069627
1096796
1155897
1168335
1175918
1204322
1214820
1222199
1245573
1260202
1286124
1299061
1301579
1306746
1309386
1362402
1434689
1491998
1522900
1589856
1700739
1724208
1764429
1772619
1806346
1832759
1850951
1878633
1888003
1906996
1926214
1935967
1945822
1976238
2008002
2040550
2051484
2117458
2193521
2235475
2235474
2245713
2245735
2265711
2321753
2330380
2424569
2453680
2485377
2556879
2595374
2622012
2627539
2635596
2630219
2619251
2613565
2624808
2632914
2632919
2638356
2651504
2658832
2682722
2676552
2672301
2665722
2661194
2667929
2678657
2684738
2686704
2692508
2694479
2698358
2698355
2696416
2692483
2690554
2686716
2686715
2678659
2667933
2684760
2686732
2696462
2707935
2711518
2723227
2732310
2736750
2739693
2741153
2741155
2741161
2744026
2745429
2749590
2754867
2758768
2762622
2769946
2769952
2771139
2772322
2780514
2782842
2785168
2786306
2787407
2789639
2791869
2793038
2793037
2792998
2793002
2793008
2792870
2798843
2802653
2813650
2814878
2823714
2826158
2828586
2830944
2832105
2842029
2843091
2844131
2845188
2847237
2848265
2851293
2853274
2857124
2858967
2859875
2860794
2869283
2872477
2868272
2867276
2867271
2867273
2870331
2874615
2876812
2877919
2882390
2883547
2892711
2894025
2894021
2895214
2897636
2898869
2903959
2905307
2909437
2913591
2915045
2916507
2919437
2925362
2932596
2934004
2943566
2944878
2948750
2965270
2968541
2973681
2975623
2977548
2978488
2979408
2980318
2995317
3001333
3002525
3003649
3004187
3009276
3009753
3007829
3004735
3003660
3001349
2999431
2997395
2993884
2992430
2990970
2990213
2989448
2988682
2984678
2983840
2975659
2974687
2973697
2968568
2965299
2958470
2957299
2953763
2944914
2940930
2939573
2936835
2935457
2934051
2929785
2926878
2919483
2910851
2906735
2902693
2900148
2896442
2891702
2888239
2887115
2883736
2882594
2880325
2878110
2877006
2878104
2879193
2879195
2878095
2877000
2879192
2885980
2889357
2896420
2898871
2900125
2901381
2901385
2901388
2905309
2910817
2917997
2919453
2929757
2935426
2936806
2939543
2940896
2943574
2946190
2947522
2948799
2957309
2963063
2965320
2968590
2971700
2974711
2980355
2983007
2986344
2988711
2991011
2993932
2994658
2996744
2998807
2999470
3001390
3001995
3002575
3004237
3005319
3006366
3008352
3010724
3013980
3017468
3017859
3018050
3018583
3020123
3020517
3021638
3021742
3021847
3022491
3022516
3022628
3022985
3023404
3023410
3023127
3023267
3023831
3024076
3024648
3024848
3025037
3025301
3025855
3026087
3026316
3026472
3027054
3027340
3027142
3027474
3027605
3027603
3027355
3027360
3027613
3028659
3028773
3029002
3029118
3029234
3029355
3029915
3030212
3030389
3030747
3030939
3031319
3032208
3032212
3032215
3031850
3031434
3031433
3031238
3031443
3031647
3032519
3032813
3033271
3033269
3032971
3032388
3032100
3031979
3031859
3032097
3032234
3031549
3031151
3030967
3030675
3030579
3030487
3030575
3030668
3030669
3030855
3030872
3031162
3031257
3031458
3032268
3034108
3034541
3035445
3035702
3036153
3036545
3036775
3036785
3036905
3036911
3036667
3036301
3036302
3036391
3036955
3037084
3037472
3037952
3038528
3038684
3038889
3038969
3038893
3038977
3039382
3039553
3039724
3039399
3039145
3039141
3039389
3039485
3039655
3040308
3040362
3040918
3042088
3042640
3042776
3042837
3042943
3043046
3043315
3043689
3043908
3044260
3044411
3044643
3044906
3044851
3045291
3045398
3045622
3045735
3046187
3046404
3046720
3046826
3047035
3047138
3047454
3047769
3047872
3047973
3048499
3048502
3048735
3048866
3049633
3050486
3050841
3051661
3051746
3051905
3052544
3052899
3052948
3053029
3053131
3053407
3053544
3053615
3053626
3053625
3053542
3053446
3053255
3053191
3052375
3050693
3050453
3050454
3050286
3049466
3049245
3048203
3047587
3047171
3047068
3046542
3046437
3045997
3045227
3044800
3044894
3044709
3044031
3043958
3043817
3043744
3043663
3043517
3043452
3043280
3043176
3042953
3042847
3042572
3042370
3042278
3042144
3042358
3042224
3042015
3041923
3041437
3041278
3041512
3041584
3041134
3041069
3040265
3039837
3039745
3039740
3039742
3039834
3039997
3040200
3040366
3040450
3040575
3040378
3040383
3040405
3040325
3040267
3040007
3039927
3039838
3039759
3039312
3038831
3038699
3037386
3036618
3036425
3036060
3035759
3035592
3035154
3034609
3033632
3031711
3031210
3030276
3029982
3029769
3029217
3028990
3028209
3027051
3026965
3026880
3026796
3026628
3026469
3026311
3026005
3025851
3025534
3025195
3024918
3024616
3024384
3024382
3024013
3023613
3023169
3022432
3022108
3021369
3020667
3019893
3018623
3018270
3017897
3017304
3016865
3015885
3014068
3012587
3009903
3008486
3007993
3006995
3005969
3004899
3004352
3004349
3006473
3007483
3008458
3009877
3010350
3010813
3008942
3007968
3004844
3004304
3003210
2998899
2996163
2993310
2987252
2979610
2976826
2974916
2971907
2966656
2965545
2961022
2959867
2958719
2958717
2959855
2961005
2961000
2960992
2957497
2950274
2947726
2946420
2943786
2943781
2945103
2949012
2950284
2953979
2925624
2913873
2908322
2902909
2896654
2894255
2886192
2882811
2880557
2876157
2875072
2872918
2870785
2869745
2868712
2868698
2868702
2868693
2865737
2864795
2862055
2857475
2852649
2851657
2848639
2845576
2840298
2835974
2831383
2827834
2825422
2821718
2817913
2811706
2808083
2801870
2799332
2789883
2787648
2786513
2778406
2773711
2771353
2767742
2757678
2755049
2751083
2747008
2738391
2736904
2735411
2720106
2709880
2706210
2700480
2696558
2692630
2686807
2680812
2672416
2672414
2663556
2649003
2643772
2627608
2607737
2601676
2582421
2578958
2575451
2575459
2582428
2589088
2610740
2643784
2654040
2661280
2663573
2674586
2686831
2704333
2711667
2718482
2726468
2727979
2730988
2736933
2739889
2741355
2744218
2761586
2767766
2772564
2774925
2777275
2791013
2803136
2804387
2806860
2810502
2814129
2820453
2822968
2827863
2845617
2847669
2853675
2855626
2871841
2875076
2877261
2880559
2885064
2887311
2894257
2900374
2901643
2904228
2908333
2919727
2922656
2922661
2939808
2942493
2943821
2963205
2970809
2970817
2971834
2966576
2958648
2956330
2951508
2948980
2941106
2937011
2928524
2922605
2918220
2913839
2896615
2897840
2899077
2901593
2905527
2906912
2911027
2921117
2927046
2939739
2946381
2946384
2951486
2945061
2935613
2922589
2918201
2915267
2915263
2908275
2899074
2878311
2870729
2866670
2863871
2862960
2860225
2853621
2852640
2850656
2845556
2837064
2832537
2826612
2821697
2819165
2817893
2811686
2809268
2804362
2803109
2799308
2796853
2793291
2792110
2790972
2787632
2786502
2785370
2781875
2778395
2776067
2773692
2771327
2770135
2766472
2760273
2753734
2752418
2749752
2747007
2745603
2741323
2732445
2723330
2720100
2715096
2711633
2696557
2692629
2686804
2680809
2674562
2668025
2663555
2661256
2656477
2656476
2656483
2661258
2668012
2680800
2682828
2694597
2700463
2702390
2704291
2706186
2709860
2720091
2723321
2729462
2730954
2736884
2741311
2746989
2751064
2756348
2766447
2767683
2773671
2774864
2768892
2766438
2761520
2757651
2756318
2749707
2739811
2738342
2733892
2732410
2729446
2715067
2709836
2709829
2715068
2713353
2708018
2702369
2692606
2688738
2684813
2678725
2676640
2674536
2674535
2665792
2638396
2638398
2638400
2638401
2643771
2678745
2682821
2686789
2690683
2690684
2694579
2696535
2702383
2706169
2708024
2711613
2715086
2716777
2720090
2726437
2732426
2733911
2744168
2748378
2751062
2760251
2761519
2767672
2771285
2773650
2781831
2784164
2786456
2787589
2803061
2810436
2815292
2826571
2828980
2839176
2843420
2846542
2852605
2852603
2855536
2858300
2864735
2866621
2869655
2873879
2861095
2856477
2850602
2837012
2825356
2822894
2821654
2819119
2814063
2810434
2809226
2798010
2796787
2792037
2788676
2787556
2782964
2766388
2767615
2763940
2753669
2752356
2744138
2736846
2724876
2721688
2713341
2704267
2696526
2686768
2684798
2674527
2665781
2658869
2658871
2668004
2672391
2680778
2686776
2696516
2698460
2711583
2723282
2732394
2749666
2752316
2730917
2730885
2729396
2718371
2707986
2698445
2694541
2658857
2648984
2624861
2610714
2598580
2568195
2556948
2541054
2469931
2459221
2405366
2398708
2377716
2355102
2330483
2275655
2362825
2405363
2418342
2411960
2411962
2424625
2459229
2469942
2485432
2490468
2514745
2536865
2564476
2578909
2575401
2568177
2532620
2523840
2510043
2505277
2490464
2480332
2459182
2442464
2436664
2436669
2436673
2442483
2442486
2519318
2568165
2589014
2592248
2604648
2616464
2622060
2638372
2643736
2667957
2667955
2667964
2672351
2678684
2690613
2692549
2706100
2702308
2700381
2700384
2723232
2724804
2727858
2727862
2720005
2718364
2720012
2721641
2727880
2735283
2744049
2754888
2762641
2765091
2775926
2781757
2777101
2777100
2778262
2781744
2789750
2792002
2800454
2805506
2811582
2816500
2816502
2809157
2802991
2799178
2799176
2799181
2800385
2805442
2805444
2800392
2782887
2754879
2758790
2763857
2753574
2750935
2746851
2744036
2739698
2734115
2731103
2728095
2718595
2710012
2682988
2579090
2568334
2564617
2532772
2514901
2510214
2495660
2485603
2362984
2339108
2322049
2304197
2235867
2215075
2204555
2193923
2128817
2128805
2084853
2019145
2008342
1976520
1946111
1916806
1907243
1878874
1869602
1860321
1815212
1806523
1781056
1732252
1700906
1677766
1662571
1647600
1655049
1647594
1640247
1640243
1640231
1632937
1640232
1655028
1662552
1670115
1700898
1732239
1740167
1764562
1772751
1772777
1756377
1740184
1732350
1732362
1732343
1716611
1708711
1693164
1693163
1655072
1640264
1510456
1486304
1462969
1451646
1451638
1440526
1419298
1414382
1378174
1366388
1345036
1320485
1323268
1335157
1355375
1374090
1390970
1404778
1400062
1404775
1440521
1451648
1462948
1424373
1404772
1386596
1370186
1355370
1348422
1338298
1309631
1294218
1273170
1257843
1248110
1236713
1234408
1229677
1214956
1212409
1207162
1207161
1207160
1209804
1224848
1229670
1238985
1268022
1255317
1243489
1250486
1262934
1270580
1288996
1291629
1301822
1304383
1306986
1312301
1317736
1323252
1326141
1329077
1312281
1306967
1294195
1281013
1265470
1262929
1265466
1241236
1238981
1232042
1227280
1212395
1195830
1183121
1195827
1201676
1214944
1227269
1234384
1252867
1255302
1275706
1288977
1294182
1304345
1314960
1323218
1326110
1335112
1348377
1362605
1366308
1370117
1390898
1382290
1390899
1451582
1480337
1498218
1498211
1492204
1492191
1462894
1457200
1451573
1404695
1399981
1395373
1382283
1370111
1351802
1323214
1326096
1312259
1309641
1306992
1299312
1283730
1283727
1286366
1286379
1289030
1315012
1329109
1345039
1348436
1348434
1348440
1370212
1382381
1390994
1419313
1446078
1457275
1468745
1486307
1498257
1504330
1492265
1468757
1424422
1382392
1362709
1348454
1351889
1366413
1404829
1404843
1404841
1409621
1424425
1446100
1468765
1474587
1536037
1632963
1662610
1662611
1781116
1756410
1716563
1685501
1655097
1647639
1640283
1670190
1640284
1611217
1523197
1504378
1536045
1542630
1569459
1516829
1504377
1486340
1486341
1536040
1555934
1618448
1640289
1662635
1748301
1756429
1724437
1700973
1708764
1716602
1716609
1756462
1781163
1806615
2029941
2051797
2106809
2128715
2128709
2117788
2084796
1997579
1946060
1869512
1860269
1806475
1685400
1632909
1569386
1529441
1486231
1492160
1440440
1434937
1429560
1429568
1434945
1474472
1529412
1492127
1457153
1429543
1414284
1395353
1344980
1329036
1306948
1304343
1294181
1278343
1265452
1260374
1255301
1234383
1229645
1227258
1224831
1222351
1222345
1222348
1222341
1219899
1219886
1224790
1227217
1234332
1245692
1294139
1312219
1326061
1338229
1341573
1362556
1378039
1390827
1370053
1366248
1378007
1382196
1390795
1395269
1440324
1462763
1468557
1474382
1492056
1522954
1549079
1611076
1618385
1618391
1618395
1382141
1382143
1373901
1366189
1351686
1334977
1301635
1288844
1283548
1280860
1270474
1252795
1250401
1241158
1238905
1231971
1224780
1214938
1207149
1201670
1183119
1168424
1179656
1186441
1186428
1155968
1132051
1109418
1069736
1055277
1033198
972372
972371
980129
987850
1018317
1033187
1047936
1055250
1055256
1047912
1010762
987834
948517
924015
907324
881673
864321
924018
932266
846680
802252
767671
716750
676309
668408
600049
578409
585541
614776
607352
564276
536653
503636
453552
430819
398613
441955
459612
543491
550390
557315
564288
592795
622206
645100
692167
708458
776237
802259
898863
940438
948499
1010742
1047898
1083546
1083538
1076633
1040501
1040503
1062471
1115334
1137119
1160283
1183103
1198780
1207134
1209789
1212375
1214930
1238883
1238996
1252909
1252913
1257870
1255359
1248127
1250523
1268108
1273244
1294343
1299425
1338546
1359284
1374390
1395847
1400470
1430109
1523841
1523838
1550191
1536949
1511246
1505047
1505032
1505030
1486938
1457788
1452166
1424873
1419761
1414849
1410021
1410019
1400518
1395912
1378549
1370545
1363015
1359345
1332354
1320700
1312480
1304523
1296920
1283828
1281136
1281134
1281133
1286470
1286478
1289127
1296904
1307117
1312470
1335379
1335399
1317929
1307141
1294368
1275818
1268111
1263000
1260457
1257906
1229680
1227291
1222367
1209808
1201683
1198807
1195834
1192807
1179659
1168427
1164449
1126754
1109421
1103265
1076718
1083622
1090353
1115393
1142078
1164451
1168429
1172287
1176042
1160303
1142083
1137169
1151520
1168439
1189683
1195845
1201712
1204483
1214975
1214979
1204482
1195871
1172320
1103299
1033201
1010790
940465
940464
980134
1018333
1047959
1069743
1076727
1115401
1146891
1155989
1172300
1176054
1179686
1195848
1198820
1201695
1204468
1207175
1209817
1217463
1229690
1232068
1245789
1248141
1257913
1263007
1265559
1268133
1273267
1278487
1281161
1286509
1291802
1296951
1304554
1309837
1307166
1307168
1304555
1307177
1309856
1315237
1320711
1323499
1338606
1370546
1374461
1378556
1391396
1395935
1391405
1391410
1400579
1419872
1475167
1543594
1498951
1498968
1492930
1481037
1481025
1475169
1419890
1400605
1387055
1370562
1359362
1338626
1335455
1317980
1309861
1299486
1291816
1286531
1283878
1278498
1281167
1281169
1278492
1268134
1270697
1275841
1278494
1281175
1299476
1312538
1317973
1315238
1317971
1332357
1338608
1355696
1366737
1378564
1382781
1378559
1378558
1395946
1405325
1410146
1419909
1430289
1435702
1452293
1457909
1475204
1612396
1774174
2119458
2206252
2258148
2268152
2306344
2332820
2386930
2407480
2413996
2341277
2306363
2287681
2237749
2163220
2119471
2075432
2053435
2031556
1957545
1889563
1957541
1967698
1957534
1947560
1947559
1937645
1899072
1870935
1861708
1782497
1765975
1733676
1686820
1641481
1641482
1679123
1749655
1816607
1843323
1861696
1889565
1947575
1957563
1957561
1899062
1947573
2009902
2009910
2053461
2086463
2130464
2174078
2130491
2227389
2324390
2372833
2387283
2365262
2306564
2258351
2227456
2119579
2097561
2130504
2119542
2031637
1978078
1927900
1927905
1889614
1843364
1861742
1825472
1799385
1790888
1782515
1765992
1757799
1757784
1710104
1663868
1634191
1605284
1598207
1584235
1598200
1612399
1634199
1679140
1717950
1749676
1765995
1782520
1816666
1843337
1870942
1889587
1908623
1880226
1861729
1852516
1825431
1807952
1799366
1825440
1825429
1816617
1825426
1834347
1889603
1861740
1899114
1937704
1978076
2009963
2020763
2042515
2053500
2086504
2119534
2174127
2184913
2248153
2268287
2258280
2268298
2332971
2357505
2357493
2365181
2372691
2387100
2394120
2248317
2075686
2053701
1988774
1871113
1656390
1584290
1577410
1557062
1530519
1537076
1537084
1543711
1557038
1557051
1563773
1563775
1570547
1430361
1400669
1391478
1374525
1370609
1370606
1370602
1352218
1352203
1352201
1348756
1348754
1352211
1355752
1363073
1370594
1378599
1405401
1400653
1400647
1396002
1391461
1391457
1391458
1400675
1405427
1410219
1415045
1425090
1430372
1446792
1457967
1469444
1469421
1446766
1415005
1405376
1430333
1441240
1452320
1457937
1481103
1487033
1511356
1517692
1530523
1550378
1557093
1563833
1570609
1591283
1598295
1619759
1671596
1663892
1663890
1686851
1725819
1757834
1766035
1782554
1834440
1852628
1947831
1627061
1584357
1605409
1664027
1671627
1664018
1598316
1570635
1530551
1511384
1499068
1505188
1537114
1530543
1570636
1598322
1612516
1612418
1584259
1550345
1517690
1452319
1395992
1395993
1425047
1430327
1457931
1475228
1505150
1505140
1505125
1492983
1332401
1312558
1309873
1286537
1263017
1260473
1263016
1265562
1291826
1320744
1317986
1312548
1307186
1299487
1294408
1291817
1289186
1278501
1273275
1275848
1278499
1286534
1289187
1291820
1302009
1307191
1326411
1341979
1352182
1359367
1374557
1241288
1222402
1195875
1192844
1186492
1189708
1189712
1207206
1219945
1234443
1286560
1315263
1326433
1342016
1352239
1435793
1457995
1487092
1475308
1452384
1446827
1425116
1387117
1391514
1405456
1415074
1441310
1458008
1481181
1499112
1530577
1543792
1570650
1577484
1634358
1649011
1634360
1634359
1641656
1710264
1749788
1757910
1774325
1774332
1774320
1774319
1825594
1834519
1871206
1889896
1834516
1825590
1825591
1843517
1843524
1834495
1808073
1799482
1766100
1766098
1757906
1774306
1790988
1816764
1834504
1852718
1808081
1799490
1790990
1880478
1880477
1889868
1899368
1899362
1880484
1871189
1871190
1871192
1880492
1889872
1889884
1880497
1880499
1889883
1928178
1937978
1968036
1978356
2010230
2042769
2064740
2097759
2206555
2195872
2195879
2185079
2152575
2141657
2119750
2152580
2163465
2217101
2287991
2248363
2238037
2206531
2185076
2174295
2174293
2227570
2324584
2357734
2237477
2277702
2306043
2306032
2314455
2314422
2314429
2304639
2225860
2194335
2183572
2183573
2204969
2225853
2236270
2204962
2183571
2172799
2140176
2129224
2107266
2096270
2063241
2019493
1956411
1917116
1898026
1907551
1926788
1936569
1946441
2041243
2063224
2085206
2063214
2052203
2052205
2063223
2074209
2129210
2140162
2140165
2140167
2151066
2172797
2194327
2246490
2276273
2266459
2246492
2183515
2161890
2140105
2129173
2118220
2140125
2140132
2129189
2118222
2107227
2041237
2030335
1976855
1966547
2019475
2041241
2085203
2118226
2225823
2236230
2256554
2266512
2266505
2266576
2266585
2256654
2246575
2246586
2246583
2215485
2204976
2266722
2226316
2151452
1781926
1725181
1640884
1523550
1517198
1451936
1424658
1400322
1386805
1366544
1345142
1312377
1309697
1309691
1296815
1289034
1289031
1299322
1317782
1323316
1335234
1382530
1400292
1409820
1419543
1457529
1504662
1549644
1556328
1569848
1640842
1648208
1663213
1709406
1709417
1709425
1686155
1686151
1686145
1686139
1678447
1678435
1663195
1618716
1611476
1597279
1562905
1549484
1523370
1463148
1451822
1435208
1414547
1409740
1404949
1355450
1362782
1395605
1395632
1317759
1312321
1315022
1348496
1366502
1386741
1348508
1335216
1341723
1345102
1414600
1440774
1429883
1492496
1556215
1562956
1576561
1597369
1597371
1590375
1583433
1569680
1556161
1542826
1536239
1492426
1446209
1440667
1419430
1386698
1378268
1366474
1355446
1359088
1370283
1404926
1414519
1419434
1440672
1463124
1474722
1492431
1498451
1504534
1510754
1536346
1529847
1492500
1480631
1463226
1429896
1366518
1332159
1312327
1317781
1338396
1359133
1370337
1374245
1382525
1405032
1419542
1474824
1463236
1474828
1480676
1492525
1480658
1498548
1529884
1569833
1576643
1604518
1611642
1626148
1640748
1536800
1530259
1480883
1395803
1362902
1352065
1283736
1273178
1273176
1270603
1268042
1291662
1299347
1317840
1338487
1352047
1355578
1359233
1362903
1386903
1452093
1452112
1523829
1577087
1656082
1749439
1807719
1816386
1937432
1937429
1807616
1790557
1717632
1686543
1678834
1633879
1612073
1590830
1577000
1583879
1556641
1536699
1523783
1523784
1523786
1530189
1536731
1536727
1536719
1536675
1530168
1523776
1511091
1511089
1446510
1440979
1378425
1355577
1352046
1332239
1338473
1335303
1335286
1326270
1317835
1307037
1355547
1338445
1382612
1414720
1504827
1469153
1374313
1362857
1352001
1338442
1335282
1320573
1301860
1296820
1304432
1335676
1338854
1349045
1387547
1436297
1436317
1436309
1352502
1359695
1363391
1374833
1383149
1383148
1352464
1342205
1342217
1342223
1363377
1387446
1387440
1387434
1391780
1378879
1367029
1359633
1355978
1348970
1338843
1326558
1318093
1294466
1299552
1309944
1315345
1323652
1338830
1342187
1352419
1352436
1352443
1352453
1342151
1335631
1332529
1318087
1315616
1302280
1250641
1248251
1243619
1239099
1239093
1236812
1248247
1258048
1260606
1263150
1265694
1270845
1276014
1281372
1289391
1292024
1299723
1302269
1307478
1379598
1383859
1363821
1339165
1332865
1323943
1321113
1312871
1302263
1278672
1281364
1289388
1312874
1315595
1326862
1329838
1360114
1367605
1375429
1375434
1421296
1532089
1392582
1388136
1289354
1273382
1258011
1243580
1224916
1207237
1204529
1160358
1062588
1047974
1033215
1033212
1069761
1076746
1096936
1096934
1103305
1109463
1126793
1151567
1232158
1243609
1263135
1294575
1299674
1302220
1307427
1304793
1294568
1278636
1278637
1286675
1307425
1321056
1326806
1329783
1342488
1345895
1356361
1349301
1332811
1367521
1379496
1383747
1371316
1367476
1359996
1356319
1349281
1345879
1335902
1329779
1310107
1297133
1289336
1286673
1294560
1297205
1304869
1294637
1289404
1281383
1276019
1263156
1260609
1260608
1270851
1284094
1302319
1307554
1307559
1307565
1312782
1318262
1321025
1323858
1323852
1342354
1356184
1323771
1304732
1286632
1270766
1255452
1255451
1245857
1248212
1250605
1255473
1275969
1284018
1289332
1312767
1326685
1318198
1312738
1312742
1318210
1320972
1345767
1356196
1363565
1367340
1352621
1349135
1345731
1335766
1349125
1289270
1260522
1192867
1179713
1151554
1146917
1137200
1151560
1156026
1164500
1215021
1236771
1234470
1227344
1224897
1252983
1278556
1291883
1312650
1299569
1297043
1289247
1260505
1255423
1239046
1229737
1239047
1245824
1245825
1257950
1248171
1243554
1239042
1239041
1227329
1227328
1229730
1215008
1209853
1186497
1179707
1176081
1172323
1168469
1156013
1090383
1033210
1025794
1055298
1083648
1121218
1142115
1168470
1172324
1176080
1186493
1192849
1201733
1215012
1239044
1236760
1252966
1257939
1265606
1270750
1299603
1297234
1299781
1304934
1304935
1304936
1307590
1304940
1304939
1339412
1333108
1336218
1342775
1339383
1339382
1330036
1346204
1346462
1346470
1349930
1353456
1339618
1343032
1380436
1380442
1346512
1343075
1324287
1324232
1318642
1310381
1305016
1284111
1263169
1253068
1255520
1265710
1255517
1250649
1250650
1265709
1276031
1294668
1299792
1299801
1297253
1297252
1292078
1286771
1289437
1302388
1305037
1307708
1327216
1333271
1357034
1372155
1393493
1388987
1388990
1422153
1438117
1443658
1483729
1539690
1566432
1483711
1460495
1472011
1483708
1460494
1393341
1364342
1353345
1349824
1324226
1327153
1313114
1305012
1292068
1284105
1292069
1276029
1250644
1222448
1186523
1160364
1151573
1156037
1179730
1195910
1204539
1201762
1217549
1353305
1397871
1388767
1342916
1342913
1324209
1339488
1371971
1393225
1443333
1368082
1304963
1307603
1307599
1330247
1353561
1357172
1393801
1403140
1472584
1484306
1496238
1514598
1508461
1508458
1521038
1601857
1601863
1601865
1616137
1616141
1616162
1609048
1574109
1553793
1527411
1508464
1502317
1496249
1484315
1508463
1527413
1527415
1496250
1455407
1478411
1484320
1484322
1484324
1514711
1521057
1567303
1574116
1573943
1573947
1560380
1508394
1508407
1502274
1484314
1568672
932193
907281
692146
715596
732302
732314
628954
621481
614075
606682
577933
549941
570862
577937
570859
543053
549942
556859
599433
614089
592217
543054
536232
516220
667521
675374
675380
667525
659726
699222
683228
667490
659692
621457
599408
516185
509691
509689
529449
536212
529462
509696
516199
484163
436187
419765
414362
409033
377968
377967
354167
349616
345076
336222
331903
323437
319353
307613
311435
315326
319352
336219
354170
363491
425226
447436
459337
516219
614059
644275
606670
592199
543051
536231
570854
659717
667515
707412
715666
855439
864211
898753
898769
932130
940314
940316
930631
922423
905743
880142
871502
862821
801037
938780
954833
1023861
1045945
1045959
1045924
1045926
1045928
1039944
1025233
1017790
987349
940039
948161
940113
923721
915415
898607
890052
881389
846442
837583
837577
810869
793244
758927
758925
750398
607279
564247
571300
585507
592740
622132
637310
660474
668310
652725
592744
571302
564253
543454
536624
503566
484403
447576
419817
409083
403804
373096
373099
398531
414382
459371
453327
447475
459383
536320
563918
621610
629101
667676
845418
862962
938906
922566
963008
993931
636781
529565
522906
516289
543142
556951
599555
810144
792597
741268
691490
691489
675633
644482
606811
280162
270891
264788
250476
217986
289825
293178
358814
644566
792761
801546
837058
707931
667874
667872
660049
675754
675756
741464
767094
828192
863475
854708
699737
636914
614326
592409
622053
607214
536517
529762
516499
497172
490773
453461
441868
441870
453390
622249
645150
660615
708552
716971
660663
660660
622267
592818
578432
550396
523220
471995
471991
453568
447656
441967
419886
414474
403863
398622
393405
378052
368292
363542
354220
331933
327665
336256
336257
340642
349654
368288
363535
388221
419881
430821
453558
465788
484501
516613
536684
578445
585576
614816
637445
692315
614829
600104
578455
564323
557355
550424
536699
529926
536736
523265
484532
478274
472029
453594
436361
436350
425375
388262
378083
398712
398631
398629
345116
319386
327674
315354
303893
300244
286602
289858
296701
311476
319402
349690
363569
336294
327690
296702
293221
289861
270917
280190
283375
300263
303912
323495
331962
345152
393438
419973
378082
373157
523418
510259
557563
630058
637729
708971
717278
692637
684646
660930
660931
668784
734083
768248
717268
725610
742579
751141
776814
820585
811709
794055
777093
803172
709137
700909
645593
571698
550733
543831
550731
564636
593186
630191
630175
630176
543830
478465
472198
459828
459826
465987
466003
523502
510332
465985
453751
530189
530192
585897
585911
571679
630150
645544
661044
676818
692755
717427
725781
709081
684750
676804
668900
676815
768418
785824
803360
803373
812241
839024
865495
925203
933456
941509
925080
899937
794471
725860
717514
692822
661122
645640
653344
684815
645629
607797
600474
578791
571699
516907
484760
472215
453753
447819
425482
414597
393461
378085
368324
358872
354262
349701
336296
336295
340691
383169
478492
491153
484782
478496
472227
478493
484757
497537
530232
537027
537031
543858
550756
571716
585947
600490
630214
637902
637903
653329
668958
692799
777121
751409
759967
777112
785697
785698
794425
794396
794394
794393
803184
803209
768519
751407
700912
709140
709179
692826
692831
725892
725893
700953
676892
661125
615228
607799
593222
600512
607806
637928
637930
637931
661140
709206
725919
742930
725911
709175
709176
709178
742867
734351
734355
794472
817444
826283
826287
826291
826299
808622
782490
748442
748441
748440
756936
765442
773946
808632
817466
817471
826332
835252
835256
844127
817481
799847
773959
765449
765459
765464
808651
826359
870360
904509
904491
904494
953380
953383
953385
976894
976906
969160
969158
961340
953390
945437
961355
953408
937393
921080
912832
896084
870415
659111
628268
591473
598710
598709
570126
556114
502613
496222
477234
446842
419171
408472
397963
392741
392742
408469
413802
441199
458667
502601
522031
563077
577188
674684
528678
522029
458665
446833
413799
397956
387582
392740
408463
413794
419153
413790
413789
435580
452626
470987
477220
483476
464779
446823
441180
435577
441183
489803
528641
542318
542316
620809
613406
570037
563003
535378
502535
489772
464745
435551
403176
397933
377415
340118
318919
314893
314896
314897
318930
331449
344580
362945
367696
397953
403201
408461
430068
605927
635883
643610
690446
731475
739932
765489
808683
835532
835534
808903
782757
748693
765697
800077
791359
782737
765692
690656
659212
636027
591565
570190
549263
542350
528724
515488
502636
502637
522077
606070
643745
674828
666949
635995
606046
598796
591541
563141
542343
535493
509010
515486
591555
643732
674816
706782
723316
706761
690613
682705
706768
791320
808845
817680
937624
945674
953641
953638
953635
921300
921299
937719
953771
953773
929601
913135
879302
853273
862017
896446
913218
969669
977440
945877
921498
913222
913224
929700
929702
929704
887948
862026
853283
765740
748726
791414
791422
698699
659253
613518
620921
570251
563210
563211
584437
613525
628429
636086
674881
706866
731779
757250
774283
698680
682775
667018
643784
620910
591617
584429
556221
502704
471085
452732
424709
403306
398052
382559
358336
344648
340185
335798
335794
327231
311021
303444
299797
292776
286196
279798
270530
264426
258413
252785
250113
237794
228552
221903
211860
209887
200367
195115
190094
185091
180059
175111
171940
168974
163187
160350
157531
156122
154723
151928
150560
145252
141262
136569
132224
127225
125363
123648
122836
122833
122835
123642
124487
125353
126272
129193
130195
132213
133277
133281
134363
135456
136554
137671
137673
138805
139979
139977
139973
139970
139968
139966
135452
133272
132211
131196
130189
129191
127227
125366
124516
123662
124492
122023
121216
120408
118763
114565
110338
109549
108796
108058
108057
108060
108065
108805
112039
113739
114571
115418
117934
118769
119591
120414
123659
126306
130224
131239
135538
137768
141353
142670
150635
152000
154797
157609
161843
161847
161849
163269
167588
169059
170540
173582
175182
180119
183472
191855
195224
198685
202362
206146
206155
206156
208093
208099
210037
215960
222069
228743
235663
237997
250324
258628
261623
267703
276882
283200
303669
315134
331709
336027
377692
393025
398238
441473
490106
522389
542641
556462
556470
563444
563448
577575
740423
835799
853456
862200
879520
921694
921713
913423
707003
667061
667058
659278
659276
651535
613528
591628
577339
535565
515562
515640
522236
522234
522229
522223
509157
502766
483630
471142
464937
447001
430245
424785
419332
408633
419325
435740
458800
471126
502745
515611
522194
424786
419333
413972
408630
403366
387746
377573
372671
372659
349266
311099
289518
276741
264493
261467
255582
247556
245042
237816
226313
217804
207964
198592
195138
193448
190098
190102
193437
202247
207966
211880
217844
219894
221979
228621
228611
226324
224123
217806
245045
247559
252834
264496
270601
289521
307262
315000
335901
349269
358411
372676
398125
453121
459165
465284
477735
483996
483987
477732
465282
453103
441603
419580
419578
419583
419584
441608
471489
490337
490327
459147
453101
447213
453046
453044
453038
453031
453026
453017
453011
453004
453008
459042
465140
490174
496568
515830
535871
515829
509342
496566
477569
465138
447210
435963
424999
408865
372896
372895
377762
377769
377765
363302
358612
353999
353995
353997
358614
372866
368048
363292
363291
372869
393114
393104
382826
377760
368041
353994
340473
315182
289815
289813
286563
286561
283340
286571
289810
293156
303842
311397
363451
363449
363445
363443
363439
358744
345036
345035
345030
349564
354110
354111
349567
340562
331852
327582
311383
300185
293143
289729
286489
206171
204260
204253
210046
238041
240403
245287
245268
245331
240425
235719
224308
222121
200498
185514
177159
131551
130541
115644
118153
130525
136957
139247
139235
147023
151006
152301
146944
145624
141664
140396
135833
134734
134726
132562
132560
132558
130507
129518
140422
172347
178794
178670
173838
170798
166391
164941
160670
157863
153669
150907
150733
148154
146828
144185
141528
137943
134616
132451
132443
131407
129401
127415
125551
123823
122998
121373
118090
112199
111336
111330
110439
110449
110445
108165
106695
103097
101702
100294
98892
97547
95539
91933
91932
89673
88953
87452
86694
82162
79203
75632
72295
69531
66060
63905
62440
59534
56122
54708
51694
49286
45566
45001
44464
43386
40684
40161
38682
35604
33960
32205
28736
28199
24518
20699
6
69119
55095
31858
26159
7099
10160
10270
10574
10936
3074136
3074143
3080761
3081679
3081930
3082621
3082904
3084236
3081596
3079212
3078106
3075144
3074264
3074145
3072817
3117060
3119132
3119763
3120145
3108368
3108468
3108906
3109368
3109585
3110009
3110575
3111150
3111925
3113372
3114833
3115236
3115352
3115420
3115461
3107476
3107495
3107812
3107809
3108022
3107164
3107473
3107468
3107462
3107445
3106916
3106496
3106514
3106494
3106687
3106536
3106439
3106426
3106389
3106376
3100872
3101192
3100271
3100128
3100527
3102835
3102839
316135
297377
283966
271493
268449
271492
277636
297364
297365
271495
268450
265414
287199
293858
280774
271494
355266
359891
374233
379209
379192
374220
337303
328729
341695
341687
337299
265541
262535
265540
290610
312407
290605
265532
253900
234251
234249
218886
216891
209065
209059
209055
225248
251291
251294
251299
251302
246193
248715
251276
253953
246187
238904
225239
220950
220946
211013
205212
179532
167095
161390
159975
152986
137513
135310
134224
132107
131108
130118
138643
139799
143690
147659
148962
150276
154395
182872
192819
192825
181184
171477
168534
162782
159935
157135
154372
154375
158533
159947
159943
179503
186178
192849
203314
210956
203326
199626
216863
218850
218852
218856
223035
231928
234218
238855
238862
238866
238868
246132
262483
265484
277713
287262
297477
308511
301093
301087
297478
294405
284487
268920
254221
246393
239110
239081
191278
186293
179622
165707
162879
141091
133187
127211
127197
154401
159998
162837
167115
177985
181341
184685
184695
164285
161454
150332
129163
128178
142483
157345
157353
153173
150429
150437
150432
150431
146461
146460
168838
181624
226193
233014
244867
285861
289094
289103
295859
306774
310606
292402
261071
261072
261074
267184
267175
267171
264127
267179
279489
306841
317996
348101
386465
445500
445501
463383
482028
501097
507452
507449
507447
463421
451289
451286
451278
445525
428827
386476
381371
371430
357219
298968
298967
302604
310118
313990
322078
339148
352619
366639
371431
376332
381372
396796
361900
361875
361872
361873
366649
326217
318005
310123
302605
306320
288675
279092
269844
266802
263809
263808
257891
255103
255105
249730
252391
260844
247184
228264
226023
202006
200136
165837
183200
194913
198377
202057
202077
189896
186582
184902
186589
196654
213714
219692
228411
232979
237653
249920
273193
279435
233013
188290
176546
176542
173307
173297
171755
171722
234788
234798
230209
223589
221438
223594
232497
246767
305617
321243
325412
309401
298330
301963
317230
309420
257430
239529
234870
223617
223630
246920
249465
269519
278746
321632
325758
343112
278766
168763
167291
171743
179827
338796
347736
356857
412112
433827
366232
366231
366225
260588
247036
237357
232696
225957
225951
228201
430042
470950
535377
542217
577090
584187
748427
748437
731446
690403
682500
620656
584188
605744
658911
658909
690327
690328
674538
674554
682432
817274
826104
929004
961051
1301439
1298923
2263268
2103773
2469062
2458317
2479488
2479502
2479495
2479491
2474321
2468310
2463034
2463031
2463040
2473537
2452175
2396910
2435105
2473454
2468229
2478526
2483606
2483614
2483619
2435099
2457645
2463022
2468286
2473504
2493795
2478601
2468272
2493545
2488560
2488577
2483569
2483527
2488529
2463282
2463287
2452395
2446828
1646824
1582533
1589470
1589472
1485655
1462274
1390367
1320020
1516013
1528793
1755051
1707653
1654130
1575586
1541865
1541866
1535263
1763296
1779703
1813579
1822306
1849195
1858351
1876819
1895579
1933938
1984090
1994628
2005238
2114324
2125268
2147081
2211574
2242793
2319381
2368434
2375778
2416909
2435333
2468689
2499262
2531748
2540253
2540261
2518307
2463368
2452458
2452454
2452453
2457942
2446871
2452011
2468075
2493286
2503078
2526221
2539093
2551274
2558930
2562670
2577229
2587447
2590706
2603241
2609272
2600169
2597047
2590692
2597044
2626293
2631598
2620730
2617929
2628917
2634277
2634264
2631574
2631554
2642327
2639653
2631569
2644971
2650153
2657579
2659959
2664581
2666820
2673428
2685848
2687803
2687801
2687800
2693588
2696214
2700083
2700075
2700071
2700097
2698143
2694283
2694273
2694276
2692346
2692349
2696264
2705881
2714807
2721436
2724620
2729180
2735096
2738060
2739527
2743838
2746643
2750741
2756004
2761181
2763673
2766106
2768566
2773332
2774516
2784985
2789469
2795159
2805069
2812354
2813537
2815983
2819791
2830754
2839697
2842882
2846014
2855955
2858739
2862356
2887532
2889702
2903058
2904364
2902789
2901941
2904574
2900646
2899398
2905936
2912776
2921501
2918579
2914215
2914219
2914221
2914225
2912806
2912809
2912813
2912802
2911579
2910199
2910196
2910194
2908820
2903329
2904687
2906074
2906069
2906049
2906047
2904681
2904680
2904611
2904613
2904608
2900713
2899458
2896970
2894560
2893357
2892180
2888712
2884206
2883077
2879701
2868965
2867944
2865613
2863776
2862867
2860125
2860120
2860122
2861008
2861910
2834274
2836520
2837619
2816008
2814773
2812362
2809953
2803818
2795160
2791692
2787239
2784990
2783836
2786124
2801307
2813576
2827287
2836547
2839798
2839804
2836552
2836550
2840889
2856062
2859730
2864266
2867079
2868066
2871193
2878787
2885543
2887820
2890089
2888952
2888947
2882155
2869136
2864291
2859753
2854143
2852198
2852199
2854145
2860612
2863331
2879801
2877601
2876499
2883136
2878688
2875408
2869022
2867014
2859688
2857885
2855057
2848118
2846061
2841863
2839740
2838677
2835395
2831969
2828441
2826031
2826030
2827230
2829620
2833120
2836498
2840794
2847070
2847067
2847060
2838658
2837580
2835376
2831957
2830791
2828431
2827225
2823590
2821086
2817283
2812359
2809946
2806312
2812355
2818527
2821060
2821061
2822319
2823564
2826001
2830762
2835359
2840782
2849088
2855011
2857849
2861472
2870017
2879726
2876442
2867965
2861475
2859656
2856925
2852093
2848070
2850116
2853074
2855995
2862382
2862384
2865112
2867980
2870038
2874288
2877565
2881983
2883123
2888738
2898235
2904709
2906099
2910232
2911619
2915900
2917691
2917625
2910495
2906366
2901007
2886742
2885607
2883346
2883344
2882187
2882185
2883340
2886732
2889021
2891342
2892501
2891347
2889022
2884491
2881081
2874486
2870211
2868134
2865251
2864337
2857064
2852233
2845121
2835454
2833161
2830846
2826085
2823641
2817329
2817328
2821145
2822399
2824882
2827298
2828507
2830855
2836565
2838752
2843021
2845105
2849214
2857034
2856098
2851204
2846130
2840893
2845104
2850230
2857048
2861608
2862514
2864320
2867129
2872304
2872299
2872292
2875588
2879988
2881106
2885655
2892548
2890209
2890208
2894905
2925084
2928018
2930911
2932331
2923569
2922089
2917684
2916222
2911912
2906392
2901029
2893662
2890174
2889017
2884484
2877742
2875591
2869176
2867159
2866207
2865266
2863432
2864350
2862539
2859811
2859808
2860715
2858919
2856130
2855163
2852235
2850248
2845123
2840921
2836596
2834357
2830891
2827325
2827322
2830880
2827321
2822431
2816084
2808817
2801344
2800066
2801342
2800045
2796367
2791719
2781518
2772175
2768577
2762452
2758603
2750746
2740988
2740982
2740981
2740983
2748041
2752066
2762441
2766108
2767341
2768570
2773336
2776877
2782688
2778053
2774540
2768579
2768580
2775723
2776897
2780368
2783874
2788410
2796423
2810073
2812485
2814896
2816155
2816166
2811298
2808880
2803961
2800137
2797671
2792910
2788430
2785054
2778091
2775764
2774585
2771033
2762477
2759934
2753432
2746713
2742494
2733689
2726236
2718241
2709621
2698262
2696326
2686650
2680660
2682680
2684672
2714822
2713092
2690467
2688559
2678603
2667882
2661156
2661153
2653944
2653946
2663419
2646315
2616437
2613564
2610636
2595384
2545091
2528201
2519270
2495391
2448048
2418236
2398583
2391736
2346988
2303789
2294563
2338741
2321666
2275442
2235399
2193435
2182652
2084372
2040454
2018697
1897414
1878588
1832740
1815030
1797768
1772575
1945425
2007605
2018396
2192870
2160579
2182196
2234845
2224500
2192957
1994447
1994448
2005065
1994450
2048306
2179514
2147068
2062328
2294470
2275360
2193364
2160963
2117344
2095380
2095033
2138783
2149645
2192812
2192829
2436121
2391214

0
